w4245346 [(0.2502854357224439, 0.2534950435612094), (0.2537170786776291, 0.25520988578386233), (0.2555451501584873, 0.2561405539247443), (0.2573026644943314, 0.25692472800651533), (0.25931675026622747, 0.2576916674934931), (0.2613308360380096, 0.25845860697985856), (0.26544239329841884, 0.2598546091917937), (0.2698618362817485, 0.26077666003497285), (0.2735308078151819, 0.26154359952133827), (0.2812279508921796, 0.2627672557810542), (0.2890020654000498, 0.26384441798104696), (0.2963977370399856, 0.2648095553127401)]
w4949723 [(0.5121165860604983, 0.31665121768727117), (0.5088004002514509, 0.31520351168973143), (0.5045284858436659, 0.3138075094784086), (0.49669664276272685, 0.3115411602088988), (0.4904427140126804, 0.3097056758196311)]
w4951292 [(0.3499955099998249, 0.3138075094784086), (0.3615861246167872, 0.36987164767771946), (0.35791715308335376, 0.4280728756822226), (0.35719875306286436, 0.4307700898319743)]
w4951293 [(0.4092506831214456, 0.4280728756822226), (0.39678131133661826, 0.4274610475526708), (0.3637926389654657, 0.4270905037557361), (0.3610024246001253, 0.4272283805171441), (0.359360367410305, 0.4274955167428697), (0.35791715308335376, 0.4280728756822226)]
w10639982 [(0.7252119921489046, 0.39395699447541116), (0.727533963643835, 0.3945429707124668), (0.729592949416969, 0.395215119925326), (0.7319983066285165, 0.3962578129351198), (0.7338905209683022, 0.3973091232426164), (0.7366294210465462, 0.39937727466741074), (0.7385408782440216, 0.4014454260915928), (0.7405742068736072, 0.404306368895861), (0.7424664212132789, 0.4081496836260034), (0.7440507498300303, 0.4121998134991763)]
w22960997 [(0.30814870880420964, 0.46108574279593284), (0.3124334517838257, 0.44500586547046833), (0.3139536375415356, 0.42733178808835326), (0.3128247232235911, 0.4106314653356341), (0.31175995176457416, 0.40768434955556243), (0.30939308026840595, 0.3927333382156952), (0.30735333735296166, 0.3920784235982417), (0.3054098087259656, 0.3840557195306089), (0.3004387371553809, 0.3635724031304425)]
w22961048 [(0.3373465382099322, 0.2702039836116313), (0.3372374953496529, 0.2773391060262839), (0.3374363382125219, 0.3128509894444182)]
w22979103 [(0.8201883234339494, 0.2527453386696372), (0.8158137804518576, 0.24643747682526973)]
w22979111 [(0.8113430231812037, 0.40484064134669984), (0.809194237405594, 0.3980846800266847), (0.8086618516760286, 0.3964129242919334), (0.8064938230427292, 0.38940706134159836), (0.8035753229593059, 0.38147053024976907), (0.8027542943643958, 0.3794971690990933), (0.8023052943515615, 0.37864405663631207), (0.8014842657566513, 0.37707570847276994), (0.8004772228708172, 0.37600716357048), (0.798777437107928, 0.3745853094660487), (0.7973534656386663, 0.37394762944338844), (0.7955767084450186, 0.37339612239714404), (0.7919013226257265, 0.37257747912456174)]
w22979118 [(0.7651729932907069, 0.38063465238239347), (0.7616323074752424, 0.3828062113783969), (0.7580852073739193, 0.3854775736350402), (0.7530243358007448, 0.38987239541203933), (0.7505612500160145, 0.39233694252626444), (0.7486177213891324, 0.3950686258662151), (0.7473797642109087, 0.39750732108733183), (0.7462572641788228, 0.4008939190453483), (0.745487549871123, 0.40354804670658606), (0.74482046413773, 0.40646069329584655), (0.7440507498300303, 0.4121998134991763)]
w22979122 [(0.7277263922207315, 0.4409126491093937), (0.7294454208413105, 0.44254131835624316), (0.7428961783684236, 0.45519151123578944), (0.7499775499993526, 0.4611891503671419), (0.757437364498216, 0.466126861893295), (0.7649292504266001, 0.47045274528928394)]
w22979124 [(0.5696206591320193, 0.4062107916655266), (0.5698708162819847, 0.410097192884183), (0.5755474593013417, 0.4983814068177303), (0.5758296878808278, 0.5033449702363795)]
w22979125 [(0.5801721594335127, 0.3153758576419507), (0.5949955741427913, 0.3177456144826695), (0.5972277456351319, 0.31839191180242027), (0.599158445690297, 0.3191847031818941), (0.6011789457479376, 0.32019292700148905), (0.6027504457928579, 0.32112359514237093), (0.6049377172839607, 0.32273502979381485), (0.6070159459147842, 0.3245705141830825), (0.6106913317340762, 0.32826733485472637)]
w23752216 [(0.2630370360867574, 0.31466062194118977), (0.2735692935305612, 0.3135059040624841), (0.28583340816666103, 0.312213309421758), (0.29521109414885827, 0.3112137028998659)]
w23752656 [(0.9143372118382253, 0.23272735633991176), (0.9203089120087855, 0.23739793164033926), (0.9246128978460911, 0.2405087760749274), (0.9646380418468209, 0.2707985771463898)]
w23840746 [(0.5059203858834069, 0.12423557952962641), (0.505875485882169, 0.11955638693149612), (0.499858885710257, 0.06380247144581251), (0.49768444279098517, 0.0527033921344028)]
w24492397 [(0.8407717668792019, 0.3510859389048004), (0.8292709522649433, 0.3558513044787342), (0.8210157663147181, 0.36019442247012873), (0.812542494644048, 0.36485638047346575), (0.8089697373991768, 0.36651090161281136)]
w25610749 [(0.6379905325140406, 0.0404926814321891), (0.6427435183640667, 0.06631010504793938), (0.6483624328103548, 0.10480357343695662)]
w25631253 [(0.5103654860103987, 0.27725293304986814), (0.5083257430950683, 0.23620012727373177)]
w25631407 [(0.6037446601069748, 0.3129802489087357), (0.6035073315288405, 0.31115338181655855), (0.60263498864672, 0.30454391455626656), (0.5972790599222284, 0.2601562146077182)]
w25631509 [(0.7350066067145296, 0.1270879050355795), (0.7345704352734123, 0.12491634604018838), (0.7263216636091595, 0.08357916944292085), (0.7254364921553218, 0.07909817468950595), (0.7239034778257809, 0.07052396357562872), (0.7216135777603712, 0.05947658804982356)]
w25631623 [(0.5348680581390501, 0.16085047704086192), (0.5545086015573961, 0.16335811064298877), (0.5566445587612886, 0.16374588903532905), (0.5636040589601072, 0.16499539718754108), (0.5680555733730716, 0.16631384372076327), (0.5728278020807873, 0.16889903300099082), (0.5782671165218961, 0.17280266881505285), (0.5802170594347507, 0.1750776353822654), (0.5820066452002295, 0.17668907003370926)]
w25631803 [(0.5820066452002295, 0.17668907003370926), (0.5889469025413585, 0.18084260747809125), (0.5917563597645025, 0.18204902914240154), (0.5971828456337802, 0.1819283869757868), (0.6037254172492852, 0.1811097437032045), (0.6104283460122798, 0.17938628418284872), (0.6206976177341732, 0.17599968622544448), (0.6311272466036703, 0.17170827201965447), (0.6389462611127783, 0.16930404598873672), (0.6565598901873972, 0.1640991982368581), (0.6595746045592688, 0.1634959874050091), (0.662339161781175, 0.1640991982368581)]
w25661616 [(0.37361291067463875, 0.1090605184525477), (0.3730035535144287, 0.09938329324495698), (0.3729522392272183, 0.09858188456839259), (0.37272132493494253, 0.0934976789831287), (0.37247758207083576, 0.08816357176693256), (0.37217611063366, 0.08163166018474124), (0.36965529627586063, 0.0658361536804079), (0.3672627676361442, 0.05254828077758915), (0.3598606817103498, 0.02343043218023813), (0.3592064245487879, 0.02084524289939829), (0.3587061102487432, 0.01887188174872255)]
w25768017 [(0.8800464394299214, 0.08743110147076603), (0.865165296147574, 0.09666884450041192), (0.8631832818051988, 0.0977718585935131), (0.8609960103142098, 0.09886625538891147), (0.8589947531141447, 0.0997021332562871), (0.8567882387653524, 0.10053801112366273), (0.8534592243845879, 0.10160655602656497)]
w25768313 [(0.44996215571325787, 0.11768643335202948), (0.44928865569400633, 0.11087015094870697), (0.44928865569400633, 0.1002105538146298), (0.44963502713242, 0.07127366846720086), (0.4543687701248703, 0.05171240291021353)]
w25768348 [(0.39563956844684267, 0.15672279148958834), (0.3978011827942834, 0.202454789863855), (0.39840412566874883, 0.21633725630081996), (0.40114302574699284, 0.23192594766334737), (0.40272094007777165, 0.2440418680914425), (0.4055881258739847, 0.24356791672329872), (0.4090518402585766, 0.25824317453973755), (0.4116688689048242, 0.2705659101108632), (0.41154058318685527, 0.2767531297892282), (0.4114315403265759, 0.2838106965251679)]
w27445938 [(0.3030621800874871, 0.20465220075235457), (0.29861707996049525, 0.20506583103719098), (0.27594257931270194, 0.20678067326045624), (0.27229926492281675, 0.20638427757041317)]
w27445941 [(0.29320342266293475, 0.15105260966726877), (0.2889571653988119, 0.15144900535731187), (0.26257520750220587, 0.15389631787613137), (0.2607278931636581, 0.15404281193524222)]
w28159140 [(0.3974099113546319, 0.12906988348457035), (0.4058062115944293, 0.13351640904717405), (0.4197316262780391, 0.1452704029760373), (0.43671024104889966, 0.15782580558268952), (0.44509371271697995, 0.16313406090577726), (0.4475952842169757, 0.1647196436641127), (0.45429821297997036, 0.1686749832637793), (0.45893574168385864, 0.17107920929469705), (0.4639452989698226, 0.17293192827937037), (0.46945517055583136, 0.17422452291948415), (0.4737976421085163, 0.174371016978595), (0.4760426421726881, 0.17444857265730798), (0.4919628997703903, 0.17080345577126868), (0.5063116573231723, 0.16751164808737076)]
w28159153 [(0.4441957126913112, 0.295538838561535), (0.44418288411948015, 0.2913680665223597), (0.44442021269772836, 0.2520042510757679), (0.4450744698592903, 0.23788911760388862), (0.44518992700542814, 0.232546393090602), (0.44696026991310345, 0.19282065114477834), (0.4472168413490413, 0.18142858371453463), (0.4475952842169757, 0.1647196436641127)]
w28159241 [(0.42279765493712096, 0.053539270001778425), (0.42244486921273483, 0.060148737262682724), (0.4222524406358384, 0.06368182927981009), (0.4216943977627247, 0.06985181436276956), (0.42068094059091815, 0.07746088814556594), (0.41957126913066334, 0.08394971323985552), (0.41909019768830824, 0.08679342144871811), (0.4185193262433635, 0.0893269069433411), (0.41672974047799854, 0.09815963698585338), (0.4161203833177885, 0.09998650407741828), (0.415389154725468, 0.10176166738337862)]
w28159258 [(0.3978011827942834, 0.202454789863855), (0.44696026991310345, 0.19282065114477834)]
w28159269 [(0.44442021269772836, 0.2520042510757679), (0.4116688689048242, 0.2705659101108632)]
w28159302 [(0.33315159523290583, 0.23117624277177523), (0.3562943387512231, 0.2271778166842069)]
w28159318 [(0.32429988069430155, 0.26842882030567095), (0.3258328950238425, 0.26181935304476667), (0.329161909404607, 0.24819540553582445)]
w28159322 [(0.36248412464245594, 0.2269710015417887), (0.3622339674923766, 0.147105887365305), (0.3623365960667973, 0.11710907441267661)]
w28159328 [(0.31569832330566266, 0.15007023774078232), (0.29913022283225715, 0.1507768561438404), (0.29854010852973667, 0.15080270803694884), (0.29320342266293475, 0.15105260966726877)]
w28159329 [(0.3622339674923766, 0.147105887365305), (0.31894395196980996, 0.1498634225983641), (0.31569832330566266, 0.15007023774078232)]
w28159410 [(0.3315800951879856, 0.09996065218430986), (0.2959615655988684, 0.10246828578643673), (0.2936780798194312, 0.102640631738656), (0.2893997511256738, 0.10293361985687768)]
w28159530 [(0.4450744698592903, 0.23788911760388862), (0.47409269925983355, 0.23708770892671194), (0.5083257430950683, 0.23620012727373177)]
w28159535 [(0.5082102859488165, 0.23010769786887297), (0.547286115636781, 0.22573011068727947)]
w28159587 [(0.5972790599222284, 0.2601562146077182), (0.6246616464189239, 0.25277980786044846), (0.6301266180035808, 0.24457614054289362), (0.6379071467973096, 0.2350195575025299), (0.6483496042385237, 0.21999960778165253)]
w28159592 [(0.6483496042385237, 0.21999960778165253), (0.6554373901553113, 0.22696238424408588), (0.66494977614145, 0.23628630024953526), (0.6667265333350978, 0.23802699436529667)]
w28159612 [(0.7095675488448301, 0.20888329387483723), (0.6852125052918372, 0.21533764977892786), (0.684975176713589, 0.22795337346827516)]
w28159703 [(0.8008300085952034, 0.25885500266990163), (0.7902785082937098, 0.2621726622462957), (0.7006965914485361, 0.2870766523165697)]
w28159746 [(0.652987132942526, 0.13351640904717405), (0.6233659606676312, 0.13039694731488308), (0.6125771317878894, 0.13056929326710234)]
w28677638 [(0.5074020859257374, 0.1594200056387278), (0.5348680581390501, 0.16085047704086192)]
w28677713 [(0.662339161781175, 0.1640991982368581), (0.6645136047004467, 0.16550381774588377), (0.6673872047825182, 0.16617596695874295), (0.6846737052764131, 0.1621516889786785), (0.6902605482931805, 0.16067813108864265), (0.6959820913137753, 0.15917872130611066), (0.7296699208477276, 0.14642512085474302), (0.736404921040129, 0.14388301806241724), (0.733864863824754, 0.13125005977766432)]
w28867489 [(0.5126553860759222, 0.4097094144918427), (0.5225077292145021, 0.40921822852890566), (0.544406101268737, 0.4077791398290687), (0.5506664443047559, 0.40736550954423234), (0.5696206591320193, 0.4062107916655266), (0.5771766879193309, 0.40585748246399755), (0.610511731728897, 0.4042718997050498), (0.6442701184077492, 0.40293621857703427)]
w28867513 [(0.20097240574210667, 0.3818238394519104), (0.20885556311014222, 0.3899499510907523), (0.2316904209054252, 0.4134837908415872), (0.24552603558644528, 0.42562556316340305), (0.2571230644892661, 0.43496671376364576), (0.2656989647342428, 0.441903638333583), (0.26633397903811507, 0.4423431205115278), (0.27536529358189865, 0.4477547834052123), (0.2937293941065277, 0.45569993179474444), (0.30814870880420964, 0.46108574279593284), (0.34163769547540684, 0.475312901136724), (0.34821875280629117, 0.4781738439409922), (0.36826339623611976, 0.4872995621017262), (0.3700080820002468, 0.4883681070040161), (0.3713422534669188, 0.48974687462054567), (0.37203499634385995, 0.4911170249393724)]
w28867563 [(0.3615861246167872, 0.36987164767771946), (0.38885325396723086, 0.37707570847276994), (0.4287116265346123, 0.38911407322337666)]
w31875197 [(0.8605085245859961, 0.3283965943184316), (0.8571217816320488, 0.3148588197859052), (0.8539723672563498, 0.30590544757739047), (0.84852022424341, 0.29259172278207557)]
w31875595 [(0.7771548793473206, 0.3750937300243914), (0.7761350078895415, 0.37444743270402836), (0.7751023078600453, 0.37369772781306854), (0.7742941078369663, 0.3724826888510554), (0.7736462649613768, 0.3708454023065031)]
w32454219 [(0.9025285115008183, 0.3580228634747376), (0.8985644828161815, 0.3560667369188552), (0.8943374684096345, 0.3539727336015647), (0.8877499967928916, 0.34982781345488556), (0.8827789252223068, 0.34595002953393195), (0.8805980680170625, 0.34399390297866184), (0.8754794678708193, 0.3394870563327508), (0.8716886249053893, 0.3364710021716689), (0.8687572962502489, 0.33443731993768583), (0.864825338995019, 0.3316194636219317), (0.8605085245859961, 0.3283965943184316)]
w32454220 [(0.8598606817102928, 0.0), (0.8690010391143558, 0.030401825940374282), (0.8752485535785435, 0.05883029072946053), (0.8800464394299214, 0.08743110147076603)]
w32454221 [(0.8460250670292727, 0.09452313739751692), (0.8491744814049719, 0.10297670634539172), (0.8534592243845879, 0.10160655602656497), (0.8751972392913332, 0.1689852059774066), (0.8930289540865106, 0.22231766083676682)]
w32454222 [(0.846801195622945, 0.3492590718132355), (0.8534399815268983, 0.34863862638598087), (0.8591871816910414, 0.34869894746928826), (0.8642544675501882, 0.3491211950518275), (0.8684558248130733, 0.34923321992073936), (0.8720927249169859, 0.34954344263436665), (0.8770637964875707, 0.3501897399541174), (0.8801554822902008, 0.35051719726315034), (0.8829328680838241, 0.35072401240556855), (0.8851393824325027, 0.3516891497372617), (0.8920988826314352, 0.3564631326088983), (0.895267539864824, 0.35754891210659384), (0.8977242113635818, 0.35804009807014325), (0.9025285115008183, 0.3580228634747376)]
w32454487 [(0.84852022424341, 0.29259172278207557), (0.8425421097868772, 0.2795537515101891), (0.8401752382907088, 0.27515031243548715), (0.8371990096342167, 0.27074687336078523), (0.8346589524188417, 0.26677429916571305), (0.8308552808815807, 0.2614746611409404), (0.8201883234339494, 0.2527453386696372)]
w32454491 [(0.8201883234339494, 0.2527453386696372), (0.8008300085952034, 0.25885500266990163)]
w32454492 [(0.910424497440685, 0.337548164372274), (0.9100781260022712, 0.3339030474862347), (0.9090646688304648, 0.33005973275609235), (0.9076022116458237, 0.3264749369533604), (0.8983720542391711, 0.30678441193266787), (0.8966081256173545, 0.3048369026744882), (0.894074482687838, 0.3034839869510671), (0.8915536683301526, 0.3030186528806261), (0.8886287539608707, 0.30330302370114504), (0.8682441533783731, 0.31065357855591863), (0.8571217816320488, 0.3148588197859052)]
w32454741 [(0.8078279945094012, 0.4542522257972047), (0.807532937358084, 0.4523305684321335), (0.8063206373234084, 0.44866821695130094), (0.8048261087093607, 0.4450144827681711), (0.803389308668268, 0.44178299616696826), (0.802112865774665, 0.43925812797004804)]
w34860259 [(0.45331682723768446, 0.31248044564748356), (0.452373927210664, 0.31511733871392794), (0.45188002719659176, 0.3167890944486792), (0.4508858128824748, 0.3223041649141851), (0.45031494143753004, 0.3275865683441644)]
w36779390 [(0.42244486921273483, 0.2890500134672454), (0.4268899693397266, 0.29253140169876823), (0.4395196982720437, 0.2998044008748289), (0.4404754268707814, 0.30038175981418175), (0.44421495554900087, 0.30290662801171425), (0.44737078421055854, 0.3058537437917859), (0.45075752716450584, 0.3095247125703213), (0.45331682723768446, 0.31248044564748356)]
w36779393 [(0.35719875306286436, 0.4307700898319743), (0.354607381560165, 0.430166878999513), (0.3139536375415356, 0.42733178808835326)]
w36779753 [(0.6929417197983556, 0.28916203833615733), (0.6740003335429232, 0.29588353046597354), (0.6511783043193574, 0.3037769750692888), (0.6312491180356667, 0.3099986639384651)]
w36779947 [(0.7440507498300303, 0.4121998134991763), (0.7466292927608985, 0.43069253415326136)]
w36780068 [(0.8008300085952034, 0.25885500266990163), (0.7973598799245248, 0.2579070999336141), (0.7954035227258117, 0.25744176586317313), (0.7931841798053021, 0.25703675287542727), (0.790971251170651, 0.2568902588163164), (0.7888866082538549, 0.256941962601921), (0.7875075367859451, 0.25702813557772447), (0.785807751023056, 0.2572435680178455), (0.728387063668152, 0.2725134193690428)]
w36780069 [(0.6913060768945078, 0.28280247270618525), (0.6987466485356816, 0.28077740776929266), (0.728387063668152, 0.2725134193690428)]
w36780070 [(0.728387063668152, 0.2725134193690428), (0.7273287064951075, 0.26901479654272664), (0.7148721632821112, 0.2267814209947761), (0.7131146489461531, 0.22083548564902816), (0.7095675488448301, 0.20888329387483723)]
w36780071 [(0.684975176713589, 0.22795337346827516), (0.6845839052738235, 0.23454560613438613), (0.6840066195430202, 0.24420559674595893)]
w36780072 [(0.6840066195430202, 0.24420559674595893), (0.6913060768945078, 0.28280247270618525)]
w38105962 [(0.8925286397865798, 0.23769953705626373), (0.8946645969904724, 0.24470540000721114), (0.8963515541815305, 0.25090985428036955), (0.9039588972559385, 0.2750382875665752)]
w38105963 [(0.9309758694564169, 0.32183883084374415), (0.9199304691408511, 0.3031737642374398), (0.9103218688663781, 0.2885157410164066), (0.9039588972559385, 0.2750382875665752)]
w38105965 [(0.8983720542391711, 0.30678441193266787), (0.9031378686611423, 0.2908941151542159)]
w40635390 [(0.2955382227296962, 0.3433648402537044), (0.2897140511346806, 0.34684622848461494), (0.2832741080935964, 0.35153403838044806), (0.2803876794396937, 0.354145079553784), (0.2775910507883808, 0.35708357803615287), (0.2751023078601022, 0.3603495338275547), (0.27298559351389934, 0.36337420528572706)]
w40636076 [(0.24296032122740807, 0.3236312287444978), (0.23928493540811605, 0.3215889292128119), (0.21664250618984351, 0.30820626603709916)]
w40636077 [(0.25546176444175617, 0.298192966223385), (0.22188297776808327, 0.2904632502739739), (0.20122897717793062, 0.28572373659314854)]
w41156421 [(0.7371425639184219, 0.477889473119861), (0.7247694064220429, 0.46678177651074854), (0.708162820233258, 0.4519858765283073)]
w41156431 [(0.6709150620261517, 0.4694100522794901), (0.6605752331592443, 0.4533301749540256), (0.6585034188143932, 0.4520892840995164), (0.6558992187399767, 0.4461174968612723), (0.6545201472720669, 0.44159341561995563), (0.6493502328386133, 0.43047710171314035), (0.6462842041795313, 0.4236349674173217), (0.6445780041307836, 0.41761147639347307), (0.6443406755526492, 0.4095112166471273), (0.6443214326949596, 0.4077532879365726), (0.6442701184077492, 0.40293621857703427)]
w41156437 [(0.6879321625123915, 0.4592502584066651), (0.693987248399683, 0.45764744105292404), (0.708162820233258, 0.4519858765283073), (0.7277263922207315, 0.4409126491093937)]
w47454131 [(0.6709150620261517, 0.4694100522794901), (0.6793947479826802, 0.46638538082131775), (0.6879321625123915, 0.4592502584066651)]
w48520536 [(0.8113430231812037, 0.40484064134669984), (0.8110158946004795, 0.3982828778720124), (0.8108940231683692, 0.39590450373359076), (0.8111441803184486, 0.38881246780683987), (0.8119010660543172, 0.3836076200555736), (0.8129337660838135, 0.37993665127703813), (0.8142871804081752, 0.37654143602131884), (0.8160511090299918, 0.3734909126706503), (0.8183794948108948, 0.37049209310497405), (0.8205154520147871, 0.36815680545506646), (0.8261151236032718, 0.36295195770318783), (0.8316057523315907, 0.35867777809219115), (0.8407717668792019, 0.3510859389048004)]
w48520537 [(0.8031391515183026, 0.47039242420597654), (0.8052237944349847, 0.463438265041246), (0.8078279945094012, 0.4542522257972047)]
w48520538 [(0.7888288796807861, 0.3720949104587151), (0.7771548793473206, 0.3750937300243914)]
w48520540 [(0.4441957126913112, 0.295538838561535), (0.42244486921273483, 0.2890500134672454)]
w48559215 [(0.4114315403265759, 0.2838106965251679), (0.42244486921273483, 0.2890500134672454)]
w48598982 [(0.8407717668792019, 0.3510859389048004), (0.846801195622945, 0.3492590718132355)]
w53178434 [(0.9618093417659871, 0.0691882824476132), (0.9193531834100478, 0.07780558004939218), (0.9174673833562347, 0.06849889863934842), (0.9151069261459249, 0.05688278147128091), (0.9557478415928372, 0.04935988066490032)]
w53178941 [(0.8800464394299214, 0.08743110147076603), (0.9031186258033388, 0.08468218353602204), (0.906691383048324, 0.08421684946558108)]
w60615614 [(0.17734859078143428, 0.16315129550057056), (0.18106887660196416, 0.1675547345752725), (0.19352541981507443, 0.18554765196871767), (0.21124167746411404, 0.20953820849290306)]
w60615621 [(0.20743800592685308, 0.2369584494630067), (0.2097792202794731, 0.23649311539195345), (0.21144693461272762, 0.23595884294111463), (0.21437826326798204, 0.2347955077647061), (0.21693114905518818, 0.2337011109693077)]
w60616318 [(0.329161909404607, 0.24819540553582445), (0.3232222806634535, 0.24352483023539698), (0.31777013765062767, 0.2420512723453611), (0.31135585175297764, 0.24270618696342697), (0.30715449449009274, 0.24490359785192653)]
w60616322 [(0.5372990724942598, 0.31632376037823823), (0.538004643943032, 0.3226230049255152), (0.543527344100758, 0.3717071320669872), (0.5460481584585573, 0.3876232807379352)]
w60616326 [(0.8465702813305552, 0.17979991446768515), (0.8650049390001983, 0.22563532041377318), (0.8712332106066965, 0.24112922150218202)]
w90941529 [(0.6416530897615016, 0.3584968148428814), (0.673249862092913, 0.38889864078325564), (0.6798950622827249, 0.395352996686734), (0.6811907480340176, 0.39652494916084535), (0.6824030480686932, 0.3975934940637476), (0.6862452053213335, 0.4011524379733711)]
w99368264 [(0.5801721594335127, 0.3153758576419507), (0.5372990724942598, 0.31632376037823823), (0.5121165860604983, 0.31665121768727117)]
w99368272 [(0.399552282844383, 0.4812071326968674), (0.39989865428279653, 0.47845821476151107), (0.4020987543457305, 0.4607496681891971), (0.4070634116303427, 0.44719465906126504), (0.41032828315229364, 0.43051157090333925), (0.41032828315229364, 0.4297101622267749), (0.409969083141935, 0.42876225949048735), (0.4092506831214456, 0.4280728756822226)]
w99369058 [(0.4904427140126804, 0.3097056758196311), (0.48284178522401705, 0.3102916520566868), (0.4787430565355529, 0.3103692077347875), (0.47465715641880574, 0.31023994827108226), (0.4717001706200032, 0.30971429311733395), (0.46823645623529725, 0.30874915578564077), (0.46542058472629466, 0.3081804141439907), (0.46286128465322995, 0.30802530278717705), (0.4606034560172271, 0.30822350063189247), (0.4590319559723068, 0.30869745200003623), (0.45592744159795956, 0.310498467199105), (0.45331682723768446, 0.31248044564748356)]
w107292718 [(0.19567420559068405, 0.22684174207808347), (0.17661094790314133, 0.22039600347169563), (0.14897178997062185, 0.2116063599170851), (0.11001783171476773, 0.1996972546314082), (0.07819014509119439, 0.19032163484035428), (0.07064053058974139, 0.1879949644875372), (0.04301420122893907, 0.17948969175405782), (0.01662582904647447, 0.17113953037800442), (0.01062847173225207, 0.16971767627357312), (0.008755500250156053, 0.16945915734555037), (0.005208400148832984, 0.1692006384175276), (0.0020012572000649683, 0.1695884168092556), (0.0, 0.16997619520159588)]
w107292721 [(0.23097843517079436, 0.2481437017502199), (0.22972764942085347, 0.250039507222795), (0.22246026349888656, 0.26027685677372064), (0.2033264486664438, 0.2832161029910217), (0.20122897717793062, 0.28572373659314854), (0.198682505676697, 0.2898428048467193)]
w107292722 [(0.2502854357224439, 0.2534950435612094), (0.24426883555053186, 0.2493415061168274), (0.23955433541588506, 0.24596352545712596)]
w107292725 [(0.18245436235584653, 0.2252475420214329), (0.1952572770073704, 0.23322715960116394)]
w107292734 [(0.23955433541588506, 0.24596352545712596), (0.23426254955032094, 0.24627374817075326), (0.23304383522978683, 0.24659258818208338), (0.2320816923451906, 0.24704068765711873), (0.23097843517079436, 0.2481437017502199)]
w107293135 [(0.794704365563012, 0.4274955167428697), (0.7946979512770395, 0.42450531447489626), (0.7948775512822187, 0.4215926678856358), (0.7952175084347739, 0.418249156415521), (0.7958845941681669, 0.41462989142320245), (0.7972829084937664, 0.4086581041849584)]
w107293136 [(0.8078279945094012, 0.4542522257972047), (0.8097202088491868, 0.4490559953436412), (0.810938923169721, 0.4450489519583701), (0.8119010660543172, 0.43983548690878865), (0.8123628946389827, 0.43558715919151264), (0.8128054803658445, 0.42876225949048735), (0.8127477517927757, 0.42297143550155303), (0.8124142089260792, 0.41532789252855773), (0.8113430231812037, 0.40484064134669984)]
w107293137 [(0.7916704083334508, 0.4210239262439857), (0.7915164654719336, 0.41797340289270496), (0.7915870226168336, 0.4153709790164595), (0.7919205654834162, 0.41270823405751894), (0.7923759797822231, 0.40962324151603924), (0.793100794088571, 0.4061418532851287), (0.7943708226963155, 0.4006612520098217)]
w107293138 [(0.802112865774665, 0.43925812797004804), (0.8017408371925892, 0.43612143164235145), (0.8018627086246995, 0.43281238936366023), (0.8022026657772546, 0.4293999395131476), (0.8034277943836473, 0.4240227458090497)]
w107293140 [(0.7984887942425833, 0.4336999710166404), (0.7981231799463662, 0.431200954711604), (0.797969237084849, 0.42861576543137647), (0.7980911085168454, 0.4261167491263401), (0.7985529371015109, 0.42397104202344515), (0.799104565688652, 0.42182533492055013), (0.8004515657271551, 0.4157932265989987)]
w107293141 [(0.7919013226257265, 0.37257747912456174), (0.7888288796807861, 0.3720949104587151)]
w108226845 [(0.19567420559068405, 0.22684174207808347), (0.18245436235584653, 0.2252475420214329)]
w108226964 [(0.1952572770073704, 0.23322715960116394), (0.19986273428185183, 0.23454560613438613), (0.20743800592685308, 0.2369584494630067), (0.21376249182179946, 0.23905245278029716), (0.216777206193671, 0.2401813187658945), (0.2195674205591254, 0.2413015674544013), (0.23097843517079436, 0.2481437017502199)]
w108565603 [(0.8712332106066965, 0.24112922150218202), (0.8657425818783774, 0.24187892639375416), (0.8579620530846486, 0.24293885399834128), (0.8478338956524413, 0.24483465947091634), (0.8397518954215368, 0.24623066168285151)]
w108565606 [(0.8127477517927757, 0.23666546134417274), (0.8119523803415276, 0.23417506233745147), (0.8010416800297894, 0.19844774647919616), (0.8003104514374689, 0.19598319936497105), (0.799912765711845, 0.1947336912121467), (0.7771420507754895, 0.12020268425185915), (0.7705738220164362, 0.09809069860484322), (0.7634090646688901, 0.07423801884206588), (0.7587458788213397, 0.058614858289339516), (0.7578735359392192, 0.05561603872427556), (0.7507536785930249, 0.03154792652137721), (0.7489833356852358, 0.02522283008160409), (0.7475144642147362, 0.020009365032022667)]
w108566787 [(0.30715449449009274, 0.24490359785192653), (0.30707110877347554, 0.2561664058178527), (0.30697489448502735, 0.2594323616092545), (0.30694282305550663, 0.26617108833386405)]
w109086146 [(0.8204769662992939, 0.021672503469071104), (0.8210670806019283, 0.02343043218023813), (0.8332798809508178, 0.054469938142660344), (0.8452489384357144, 0.09244636867563207), (0.8453900527254006, 0.09280829517486393), (0.8460250670292727, 0.09452313739751692)]
w110090668 [(0.7714461648984429, 0.11542008408251975), (0.7367192210491358, 0.12653639798933508), (0.7350066067145296, 0.1270879050355795)]
w117744327 [(0.29521109414885827, 0.3112137028998659), (0.2958717655963927, 0.2772960195383822), (0.2958974227399409, 0.2759258692195554), (0.29594232274117876, 0.2745815707932248), (0.2963977370399856, 0.2648095553127401)]
w119270956 [(0.19986273428185183, 0.23454560613438613), (0.19898397711387278, 0.2373720797478431), (0.19337147695344328, 0.2582173226472414), (0.19177431976497483, 0.2635858990530242)]
w119398522 [(0.27229926492281675, 0.20638427757041317), (0.2708624648818379, 0.194518258772638)]
w119398523 [(0.2708624648818379, 0.194518258772638), (0.27063796487542074, 0.18921000344955027), (0.2687265076779454, 0.17460368401412163), (0.26496132185606375, 0.1690713789532101), (0.26257520750220587, 0.15389631787613137)]
w119399331 [(0.19177431976497483, 0.2635858990530242), (0.18063911944681948, 0.2609231540940837), (0.17302536208643893, 0.2591221388956272)]
w119399332 [(0.198682505676697, 0.2898428048467193), (0.1958345627381737, 0.288713938861122), (0.1680927762312335, 0.27572767137484)]
w122109226 [(0.846801195622945, 0.3492590718132355), (0.8533758386678568, 0.34675143821110865), (0.8556080101601975, 0.34554501654679837), (0.8574040102115349, 0.34432997758478523), (0.8589241959692449, 0.3427702467189459), (0.8600980102885412, 0.34086582394866805), (0.8607330245924133, 0.33951290822524693), (0.8612397531783167, 0.33791009087150586), (0.8614770817564509, 0.3360229026966336), (0.8614963246141406, 0.3340236896528494), (0.8605085245859961, 0.3283965943184316)]
w122157081 [(0.4904427140126804, 0.3097056758196311), (0.47399007068541277, 0.3050006313290047), (0.4515144129003746, 0.29792582999765943), (0.44833934138112724, 0.2968745196901628), (0.4441957126913112, 0.295538838561535)]
w125225988 [(0.7126528203614877, 0.4261770702096475), (0.6929609626560452, 0.4511069121724176), (0.6879321625123915, 0.4592502584066651)]
w125226000 [(0.7677900219368405, 0.340081649866897), (0.7657438647355376, 0.33791870816920866), (0.7648394504240104, 0.3355920378163916), (0.7644738361277931, 0.33466136967550963)]
w125226004 [(0.7644738361277931, 0.33466136967550963), (0.7620813074880768, 0.3258372569307002)]
w125226007 [(0.7620813074880768, 0.3258372569307002), (0.7527356929352862, 0.3197362102287509)]
w125226009 [(0.7362124924632325, 0.3064569546236349), (0.7384767353850941, 0.30524191566162184), (0.7409718925992311, 0.3045870010441683), (0.7435440212441269, 0.3045266799608609), (0.7460584213159538, 0.30506956971001487), (0.7483868070967428, 0.3061639665054132), (0.7503944785826663, 0.30778401845455994), (0.751972392913559, 0.30981770068854303), (0.7530307500866035, 0.3121616056361534), (0.7535374786725068, 0.3146778565359831), (0.7534284358122274, 0.3172544285191201), (0.7527356929352862, 0.3197362102287509), (0.7514977357570625, 0.3219767076051522), (0.7497722928506251, 0.32386389578002445), (0.7476619927903948, 0.32531160177695184), (0.7452822927223954, 0.3262336526207433), (0.7427422355069064, 0.3265869618222723), (0.740195764005559, 0.32634567748965515), (0.7377775782221803, 0.32551841691937006), (0.7356031353029086, 0.32416550119594895), (0.7338071352516851, 0.322338634104384), (0.7324793780708717, 0.3201584578112901), (0.7316775923336512, 0.31773699718496673), (0.7314595066130926, 0.3151862770949381), (0.7318379494811408, 0.31265279159970283), (0.7328000923657371, 0.31026580016357835), (0.7342817924080676, 0.30815456225149457), (0.7362124924632325, 0.3064569546236349)]
w125241570 [(0.6493502328386133, 0.43047710171314035), (0.6624931046426921, 0.4257289707346122)]
w125241572 [(0.6585034188143932, 0.4520892840995164), (0.6537440186783947, 0.45443318904712676)]
w125566942 [(0.543527344100758, 0.3717071320669872), (0.5417570011930827, 0.3718019223404935), (0.5285435722441038, 0.37252577533895714), (0.5265872150453906, 0.37572279274934883)]
w125566953 [(0.625482675013834, 0.31146360453079813), (0.6099601031417557, 0.31250629754059195), (0.6037446601069748, 0.3129802489087357), (0.6015381457582962, 0.3131525948603427), (0.58969095970551, 0.3140832630018369), (0.5801721594335127, 0.3153758576419507)]
w125831638 [(0.31569832330566266, 0.15007023774078232), (0.3162691947506074, 0.15998012998328734), (0.3193480519814065, 0.1806788788235748), (0.32269630921986053, 0.20570351105985119), (0.323825223537919, 0.21844849421351603)]
w125831640 [(0.33206116663034063, 0.23721696839102946), (0.3322151094918578, 0.23636385592824824), (0.33315159523290583, 0.23117624277177523)]
w125915785 [(0.4367294839065893, 0.31819371395770485), (0.4021885543482062, 0.3171165517577121), (0.38942412541217564, 0.31563437656997345), (0.3499955099998249, 0.3138075094784086)]
w125988143 [(0.2607278931636581, 0.15404281193524222), (0.24014444971840548, 0.15742079259555594), (0.22401252068611718, 0.15912701752050612), (0.21966363484757362, 0.15958373429324427)]
w125988150 [(0.21966363484757362, 0.15958373429324427), (0.1864761196136661, 0.16238435601420512), (0.17734859078143428, 0.16315129550057056)]
w126079594 [(0.45331682723768446, 0.31248044564748356), (0.455792741594132, 0.3148502024882024), (0.45724237020694186, 0.3159876857715025), (0.45869199881975176, 0.31686665012677984), (0.461995356056968, 0.31820233125540764), (0.4644520275557259, 0.318727986409156), (0.46702415620073556, 0.3191416166939924), (0.47191184205458925, 0.3197275929310481), (0.4772485279213912, 0.3199602599659624), (0.48255314235867236, 0.3200291983469726), (0.4967607856217683, 0.3199516426688719), (0.5016548857615943, 0.3196586545500379), (0.5064335287552827, 0.3189778880394759), (0.5082808430937166, 0.3184436155880248), (0.5095637002732921, 0.317909343137186), (0.5121165860604983, 0.31665121768727117)]
w126080092 [(0.45331682723768446, 0.31248044564748356), (0.45214942720424683, 0.3135834597405847), (0.450982027170923, 0.31452274517916945), (0.44980821285162675, 0.3153930922373563), (0.44846121281323764, 0.3162634392949309), (0.44712704134645165, 0.317013144186503), (0.44567741273364186, 0.31759912042294636), (0.4436184269605079, 0.3179265777319793), (0.44149529832844653, 0.3181333928743975), (0.4392695411219643, 0.31815924476750596), (0.4367294839065893, 0.31819371395770485)]
w127586120 [(0.28528819386537846, 0.4781738439409922), (0.28603225102953, 0.4766313476699462), (0.2937293941065277, 0.45569993179474444)]
w128462572 [(0.510942771741202, 0.45831959026578317), (0.5126040717887119, 0.4136389021984009), (0.5126233146464015, 0.412242899987078), (0.5126553860759222, 0.4097094144918427)]
w128462573 [(0.4739964849713853, 0.4574750951007048), (0.49478518556525153, 0.45887109731202763), (0.510955600313033, 0.4599568768097232)]
w128462574 [(0.47159112775972384, 0.46215428769883504), (0.4739964849713853, 0.4574750951007048), (0.4744647278419093, 0.44656559633630766), (0.47470205642004365, 0.440326672872338), (0.4843812138394166, 0.44074892045487724)]
w128462578 [(0.510955600313033, 0.4599568768097232), (0.510942771741202, 0.45831959026578317)]
w128648681 [(0.30694282305550663, 0.26617108833386405), (0.32429988069430155, 0.26842882030567095)]
w128665302 [(0.23955433541588506, 0.24596352545712596), (0.2287398493925951, 0.23975907118335527), (0.22393554925535858, 0.2371566473077221), (0.2219984349142211, 0.23608810240481987), (0.21693114905518818, 0.2337011109693077), (0.1991571628330796, 0.2279792253613836), (0.19567420559068405, 0.22684174207808347)]
w128665303 [(0.32429988069430155, 0.26842882030567095), (0.33220228092002674, 0.2694887479108704), (0.3373465382099322, 0.2702039836116313)]
w128665306 [(0.733864863824754, 0.13125005977766432), (0.6865210196148471, 0.14959628637263855), (0.6663224333235013, 0.15742079259555594), (0.6643211761234363, 0.15818773208192138), (0.6626727046477575, 0.15930798077042818), (0.6620825903452371, 0.16178114518174383), (0.662339161781175, 0.1640991982368581)]
w128665324 [(0.36248412464245594, 0.2269710015417887), (0.38039922515425056, 0.2280653983371871), (0.3849790252850699, 0.23228787416257923), (0.40114302574699284, 0.23192594766334737)]
w128665326 [(0.5063116573231723, 0.16751164808737076), (0.5069081859116652, 0.1630737398224699), (0.5074020859257374, 0.1594200056387278)]
w128665340 [(0.33315159523290583, 0.23117624277177523), (0.33160575233164774, 0.22071484348302575), (0.32783415222379353, 0.21962044668701508), (0.323825223537919, 0.21844849421351603)]
w128665341 [(0.329161909404607, 0.24819540553582445), (0.33206116663034063, 0.23721696839102946)]
w128665345 [(0.3974099113546319, 0.12906988348457035), (0.3959410398840184, 0.14308160938524053), (0.39563956844684267, 0.15672279148958834)]
w128665353 [(0.3623365960667973, 0.11710907441267661), (0.36234301035265587, 0.11585094896276177), (0.3624969532141731, 0.1142567489061112), (0.3629908532283592, 0.11267978344486626), (0.36385678182450715, 0.1114044234001581), (0.36493438185524135, 0.11047375525927619), (0.36633269618095476, 0.10975851955790299), (0.36798758194249215, 0.10944829684427568), (0.37361291067463875, 0.1090605184525477), (0.39241959692624356, 0.10771622002621709), (0.39466459699041534, 0.10748355299130274)]
w128750784 [(0.607715103077584, 0.35126690215472245), (0.607189131633991, 0.36174553603887755), (0.6099921745711626, 0.3956718366980641)]
w128751464 [(0.16785544765298527, 0.43446691050300584), (0.17737424792498252, 0.42225619980079215), (0.1980603199445419, 0.38523628930242304), (0.20015137714719655, 0.3814446783572729)]
w128751466 [(0.279945093712718, 0.4897727265130418), (0.28528819386537846, 0.4781738439409922), (0.26788623622534563, 0.4662733559524058), (0.2539864786852841, 0.45676847669703435)]
w128752446 [(0.5063116573231723, 0.16751164808737076), (0.5074854716424686, 0.2019377520078095), (0.5082102859488165, 0.23010769786887297)]
w130807530 [(0.547286115636781, 0.22573011068727947), (0.5494220728406735, 0.22523892472373008), (0.5642519018358105, 0.2212835851246758)]
w130807537 [(0.5924619312131608, 0.22485114633200212), (0.5972790599222284, 0.2601562146077182)]
w130807538 [(0.5924619312131608, 0.22485114633200212), (0.591948788341399, 0.21937054505669512), (0.5911726597478406, 0.20107602224732546), (0.5917563597645025, 0.18204902914240154)]
w130807539 [(0.5642519018358105, 0.2212835851246758), (0.5924619312131608, 0.22485114633200212)]
w130807540 [(0.6483624328103548, 0.10480357343695662), (0.6494721042706096, 0.11239541262434738)]
w130807541 [(0.6494721042706096, 0.11239541262434738), (0.652987132942526, 0.13351640904717405), (0.6579453759412796, 0.1560764941692253), (0.6595746045592688, 0.1634959874050091)]
w130807542 [(0.6483496042385237, 0.21999960778165253), (0.6430706469449047, 0.20963299876640937), (0.6427435183640667, 0.20769410680593256), (0.640838475452564, 0.19634512586420289), (0.6406139754461468, 0.1931050219659095), (0.6390296468293954, 0.17049323305764139), (0.6389462611127783, 0.16930404598873672)]
w130807543 [(0.6667265333350978, 0.23802699436529667), (0.6740195764006129, 0.24180137071504118), (0.6777847622223806, 0.24353344753309977), (0.681100948031428, 0.24413665836556106), (0.6840066195430202, 0.24420559674595893)]
w130920757 [(0.5911726597478406, 0.20107602224732546), (0.6003322600094791, 0.20009365032083898)]
w130920759 [(0.6666303190465356, 0.2341147412541441), (0.6703698477248691, 0.22927182000149737)]
w130920760 [(0.66494977614145, 0.23628630024953526), (0.6666303190465356, 0.2341147412541441)]
w135417817 [(0.7972829084937664, 0.4086581041849584), (0.7987838513937866, 0.40228992125667123), (0.7996369514182173, 0.3983001124668057), (0.8000602942873896, 0.39608546698290054), (0.8003617657246793, 0.39437062476024753)]
w135417821 [(0.8003617657246793, 0.39437062476024753), (0.7986876371053384, 0.3883298991416056), (0.7978473656527385, 0.3860032287887885)]
w135417823 [(0.7978473656527385, 0.3860032287887885), (0.7971482084899388, 0.38370241032907987), (0.7960000513143047, 0.38021240479985424), (0.7947556798502223, 0.37729114091289095), (0.7941591512617293, 0.3762312133076915), (0.7932162512347088, 0.3745594575729403), (0.7919013226257265, 0.37257747912456174)]
w135417827 [(0.794704365563012, 0.4274955167428697), (0.7916704083334508, 0.4210239262439857)]
w140031906 [(0.9031378686611423, 0.2908941151542159), (0.9039588972559385, 0.2750382875665752)]
w140186776 [(0.9143372118382253, 0.23272735633991176), (0.9002642685789568, 0.23608810240481987), (0.8925286397865798, 0.23769953705626373)]
w151571814 [(0.1812484766071435, 0.2296251292030264), (0.1952572770073704, 0.23322715960116394)]
w154667397 [(0.5074020859257374, 0.1594200056387278), (0.5059203858834069, 0.12423557952962641)]
w157166019 [(0.7943708226963155, 0.4006612520098217), (0.7956921655911564, 0.39426721718903845), (0.7971417942040803, 0.39029464299457856), (0.7978473656527385, 0.3860032287887885)]
w157166021 [(0.8004515657271551, 0.4157932265989987), (0.8013816371823445, 0.4113984048219996), (0.8019011943400789, 0.408770129053258), (0.8022347372066614, 0.40677953330717664), (0.8024143372118407, 0.40548693866706287), (0.8024848943567408, 0.403875504015619)]
w157166025 [(0.7894895511283205, 0.3942499825942451), (0.790374722582158, 0.3913114841118762), (0.7910610511731268, 0.388700442937928), (0.791696065476999, 0.3859084385152822), (0.7922092083488748, 0.3816084070117894), (0.7923952226399126, 0.3780666976969592), (0.7923759797822231, 0.37700677009237205), (0.7923374940668437, 0.37524884138120507), (0.7919013226257265, 0.37257747912456174)]
w157166030 [(0.8034277943836473, 0.4240227458090497), (0.8045631229875644, 0.4191712072593124), (0.8048132801375297, 0.41643090662165894), (0.8046914087054192, 0.4132425065089701), (0.8039794229709024, 0.4092871669099158), (0.8024848943567408, 0.403875504015619)]
w159830886 [(0.45031494143753004, 0.3275865683441644), (0.4501545842901543, 0.3320503285021737), (0.4497889699939371, 0.3525164103069345), (0.4496927557054889, 0.3670537913619653), (0.4495837128452096, 0.3807725291444138), (0.44915395569006483, 0.3961199361737118), (0.4492822414080338, 0.3994806822386199), (0.4495452271298303, 0.40129031473477916), (0.4499236699978786, 0.4025742920778024), (0.45035984143888186, 0.403582515896785), (0.4510140986004437, 0.4047889375610953), (0.4514823414709677, 0.40542661758375553), (0.4520724557734882, 0.40617632247532764), (0.4528934843683983, 0.40700358304500045), (0.4535349129581292, 0.40752923819874876), (0.45403522725817386, 0.4079428684835852), (0.4547023129914529, 0.40843405444713454), (0.4557799130223009, 0.40903726527898354), (0.45678695590824897, 0.4095112166471273), (0.45846108452747597, 0.41021783505079773)]
w165913043 [(0.45846108452747597, 0.41021783505079773), (0.5009493143128222, 0.40984729125386304), (0.5052276430064657, 0.4098214393607546), (0.5067863144796688, 0.4098128220630518), (0.5126553860759222, 0.4097094144918427)]
w166261117 [(0.9772485279213342, 0.31369548460949664), (0.9743236135520524, 0.31523798088054267), (0.971065156316188, 0.3161083279381172), (0.9669407704840616, 0.3159876857715025), (0.9633038703801489, 0.31510010411852235), (0.9599171274262014, 0.3132301505390557), (0.9562545701787406, 0.31129987587628166), (0.9516426986184005, 0.3105932574726113), (0.946710112763195, 0.31122232019756874), (0.9424510269271272, 0.31279066836111086), (0.9380059268001354, 0.31600492036690814), (0.9341701838334677, 0.31940875291971793), (0.9309758694564169, 0.32183883084374415), (0.9171338404895382, 0.3308525241355662), (0.910424497440685, 0.337548164372274)]
w174639749 [(0.415389154725468, 0.10176166738337862), (0.4126887403624893, 0.1017358154902702), (0.4101230260035661, 0.1018392230614793), (0.4074739259277978, 0.10211497658490767), (0.40554964015860534, 0.10251998957204127), (0.40354196867268183, 0.10308873121430363), (0.40148298289954787, 0.10379534961736173), (0.3999435542841484, 0.10450196802103212), (0.39796795422763165, 0.10541540156650842), (0.39466459699041534, 0.10748355299130274)]
w174639751 [(0.4110659260304727, 0.05322042999044831), (0.4107965260228177, 0.05491803761830798), (0.4152095547202887, 0.07769355518048027), (0.41671049762030893, 0.08492346786863918), (0.41909019768830824, 0.08679342144871811)]
w174639752 [(0.415389154725468, 0.10176166738337862), (0.41796128337036376, 0.10309734851139414)]
w181029793 [(0.8925286397865798, 0.23769953705626373), (0.8712332106066965, 0.24112922150218202)]
w181029797 [(0.8930289540865106, 0.22231766083676682), (0.8925286397865798, 0.23769953705626373)]
w190525481 [(0.2921835512052696, 0.39253514037097986), (0.30646175161315153, 0.39210427549073784), (0.30735333735296166, 0.3920784235982417)]
w191158665 [(0.625482675013834, 0.31146360453079813), (0.6156303318751403, 0.3162806738903365), (0.6134109889546306, 0.31767667610165934), (0.6120255032007483, 0.3190382091227833), (0.6114418031840864, 0.3199688772636652), (0.6109735603135624, 0.32104603946427024), (0.6106785031622451, 0.32208011517636126), (0.6104155174404488, 0.3231141908884523), (0.6101910174340315, 0.32448434120727904), (0.6102615745789316, 0.3260526893708212), (0.6106913317340762, 0.32826733485472637)]
w200248589 [(1.0, 0.20548807861973017), (0.9972739284935871, 0.20596202998787394), (0.9316493694756683, 0.22714334749400797), (0.9143372118382253, 0.23272735633991176)]
w202148094 [(0.8460250670292727, 0.09452313739751692), (0.8426832240766773, 0.09538486715800096), (0.779476850842251, 0.1115078309713672)]
w202151119 [(0.906691383048324, 0.08421684946558108), (0.9098664545675713, 0.0838376883709436)]
w202151120 [(0.9098664545675713, 0.0838376883709436), (0.9115405831869123, 0.08348437916941456), (0.9129902117997221, 0.08300181050356799), (0.9145937832741631, 0.08225210561199585), (0.9159536118843833, 0.08144207963772865), (0.9172749547793382, 0.08024427527112117), (0.9193531834100478, 0.07780558004939218)]
w203150441 [(0.9819566137702365, 0.4320195979841863), (0.9559146130261854, 0.41276855514082633), (0.9422650126362033, 0.4032809104808605), (0.9365883696168463, 0.3986017178827302), (0.9327077266488266, 0.3949910701875021), (0.9270310836294696, 0.3851759682191157), (0.915985683313904, 0.37131073637694406), (0.9102641402933093, 0.36507181291297447), (0.9088016831086682, 0.3634776128569362), (0.9025285115008183, 0.3580228634747376)]
w203752583 [(0.24296032122740807, 0.3236312287444978), (0.24539774986847634, 0.32070996485753456)]
w203752584 [(0.24539774986847634, 0.32070996485753456), (0.24658439275960364, 0.3196586545500379), (0.24794422136982386, 0.3186073442425413), (0.24930404998015804, 0.31776284907746283), (0.25092045002631613, 0.3169269712100872), (0.25261382150323286, 0.3162634392949309), (0.25431360726612207, 0.31586704360550005), (0.25779015022254514, 0.31522936358283987), (0.2630370360867574, 0.31466062194118977)]
w203752585 [(0.21664250618984351, 0.30820626603709916), (0.198682505676697, 0.2898428048467193)]
w203752588 [(0.5082102859488165, 0.23010769786887297), (0.5083257430950683, 0.23620012727373177)]
w203752595 [(0.25546176444175617, 0.298192966223385), (0.2634090646688331, 0.2676618808193055), (0.26544239329841884, 0.2598546091917937)]
w203752596 [(0.25546176444175617, 0.298192966223385), (0.25092045002631613, 0.3169269712100872)]
w203862130 [(0.5460481584585573, 0.3876232807379352), (0.5470808584880535, 0.39786924758656367), (0.5472412156354293, 0.40048028876051195)]
w203984756 [(0.3373465382099322, 0.2702039836116313), (0.37130376775153945, 0.27546053514911445), (0.39023232543525466, 0.27821807038156127), (0.3972559684930008, 0.27932970177236527), (0.39945606855593474, 0.27973471475949885), (0.4007902400226067, 0.2800621720685318), (0.40220138292003726, 0.2805016542458643), (0.4052353401495985, 0.28151849536316204), (0.40849379738557695, 0.28271629972976947), (0.4114315403265759, 0.2838106965251679)]
w203984758 [(0.3374363382125219, 0.3128509894444182), (0.3499955099998249, 0.3138075094784086)]
w203984759 [(0.2539864786852841, 0.45676847669703435), (0.24780952136599635, 0.4644895753487427)]
w204567229 [(0.733864863824754, 0.13125005977766432), (0.7350066067145296, 0.1270879050355795)]
w210665000 [(0.3004387371553809, 0.3635724031304425), (0.2955382227296962, 0.3433648402537044), (0.2954869084424858, 0.3384185114298485)]
w210665002 [(0.2954869084424858, 0.3384185114298485), (0.29521109414885827, 0.3112137028998659)]
w210665004 [(0.27298559351389934, 0.36337420528572706), (0.27181819348057557, 0.36530447994850107), (0.27086887916769653, 0.3679672249074416), (0.2703942220113139, 0.3704490066170723), (0.27022745057796566, 0.37287908454048624), (0.2700927505741382, 0.37706709117506715), (0.27011199343182785, 0.37939376152788423), (0.2703621505817932, 0.3813068015958649), (0.27088812202538615, 0.3831078167943214), (0.271600107760017, 0.38433147305403725), (0.2724852792138546, 0.38581364824177594), (0.2746725507049575, 0.38836436833180454), (0.27720619363447396, 0.39031187758998415), (0.28030429372296267, 0.39151829925429443), (0.28453772241536834, 0.39188022575352627), (0.2921835512052696, 0.39253514037097986)]
w210676300 [(0.4352477838642587, 0.4611460638792402), (0.44132852689509827, 0.4502193305194374), (0.44312452694643567, 0.44685858445452936), (0.44420854126314224, 0.44412690111519093), (0.4447922412798042, 0.4422052437495075), (0.4454080127259868, 0.43962005446927993), (0.4458185270234419, 0.4365350619271879), (0.4475503842157378, 0.42083434569636086), (0.44792882708367215, 0.41940387429422676), (0.4482687842362272, 0.41805957586850845), (0.44880116996579267, 0.416827302311702), (0.4494939128427338, 0.41568120173008677), (0.45012892714649216, 0.4148108546725122), (0.4507446985926748, 0.41419040924525763)]
w210676302 [(0.45516414157611834, 0.41126052806059155), (0.45663942733259033, 0.4106831691212387), (0.45846108452747597, 0.41021783505079773)]
w212128601 [(0.3562943387512231, 0.2271778166842069), (0.36248412464245594, 0.2269710015417887)]
w215331126 [(0.7466292927608985, 0.43069253415326136), (0.747488807071074, 0.43460478726441387), (0.7487652499646771, 0.4400250674564135), (0.7514335928981349, 0.44626399092038316), (0.7542494644071376, 0.4516928884094733), (0.7583930930969537, 0.4594915427392823), (0.7622416646354525, 0.4665318748804286), (0.7649292504266001, 0.47045274528928394)]
w217556090 [(0.23097843517079436, 0.2481437017502199), (0.23664224961832026, 0.2504962239955331), (0.2393875639825368, 0.2515561516007326), (0.24258187835947373, 0.252538523527219), (0.24450616412878012, 0.2528918327287481), (0.2462059498915554, 0.25316758625217645), (0.2502854357224439, 0.2534950435612094)]
w218949681 [(0.6862452053213335, 0.4011524379733711), (0.6945068055573034, 0.3994892995363227), (0.7003630485818396, 0.39795542056297944), (0.7097279059922058, 0.3955339599366561), (0.7138587061103048, 0.3948187242358952), (0.7182909776654655, 0.3940431674512146), (0.7219214634835195, 0.39377603122610133), (0.7252119921489046, 0.39395699447541116)]
w220218290 [(0.7126528203614877, 0.4261770702096475), (0.7277263922207315, 0.4409126491093937)]
w220545802 [(0.21865017767576703, 0.2189310628793626), (0.21124167746411404, 0.20953820849290306), (0.20287744865360946, 0.22172306730200833), (0.20099164859979632, 0.22460986199877267), (0.1991571628330796, 0.2279792253613836)]
w220545803 [(0.21693114905518818, 0.2337011109693077), (0.21801516337189478, 0.23311513473225204), (0.21895806339880133, 0.23246022011418618), (0.22038844915392158, 0.23121932925967698), (0.22177393490780395, 0.2297113021794422), (0.2226911777911623, 0.22838423834851718), (0.22326204923610707, 0.22753974318343875), (0.22353144924376211, 0.22669524801836033), (0.22350579210021387, 0.22591969123429206), (0.22333260638089314, 0.2251441344502238), (0.22278739207961054, 0.22399803386922088), (0.21865017767576703, 0.2189310628793626)]
w220741723 [(0.4967607856217683, 0.3199516426688719), (0.4978640427961645, 0.3189606534440703), (0.49847339995637463, 0.31779731826827406), (0.4987748713935504, 0.3161945009139207), (0.4986850713909607, 0.31471232572679436), (0.4978896999397127, 0.31289407593231994), (0.49669664276272685, 0.3115411602088988)]
w223671507 [(0.6099921745711626, 0.3956718366980641), (0.6101012174314419, 0.39749008649253853), (0.610184603148173, 0.39883438491825685), (0.6103642031532384, 0.401264462842283), (0.610511731728897, 0.4042718997050498)]
w223671508 [(0.5472412156354293, 0.40048028876051195), (0.5474144013547501, 0.40191937745973655), (0.547613244217505, 0.4030568607430367), (0.5479788585137222, 0.404306368895861), (0.5484984156713427, 0.4054438521791611), (0.5490115585432185, 0.40618493977303044), (0.5497235442778493, 0.4068053852002851), (0.5506664443047559, 0.40736550954423234)]
w223672700 [(0.4843812138394166, 0.44074892045487724), (0.48438762812538916, 0.4382326695550475), (0.4844004566972202, 0.43669017328461385), (0.48505471385866816, 0.4351476770135678), (0.48622211389210584, 0.434027428325061), (0.48810149966006044, 0.4333983656001036), (0.48992957114080465, 0.43363103263563024), (0.49102641402934233, 0.4343290337415978), (0.4920398712011489, 0.43558715919151264), (0.49250811407167294, 0.4374312608778709), (0.49223871406401787, 0.43894790525580846), (0.4914754140421767, 0.4401974134086328), (0.4905389283011287, 0.44097297019270104), (0.4843812138394166, 0.44074892045487724)]
w224276003 [(0.22316583494765885, 0.17569808080951999), (0.2203435491526837, 0.19477677770066076)]
w232765094 [(0.6862452053213335, 0.4011524379733711), (0.6913189054662249, 0.40596089003520663), (0.7126528203614877, 0.4261770702096475)]
w232765095 [(0.6442701184077492, 0.40293621857703427), (0.6713448191812964, 0.4020917234119558), (0.6862452053213335, 0.4011524379733711)]
w236815953 [(0.28543572244103704, 0.05812367232640243), (0.285692293876975, 0.06049342916650896), (0.2893997511256738, 0.10293361985687768), (0.28969480827699096, 0.10666490971872045), (0.2913176226091216, 0.1271740780119953), (0.2928506369385486, 0.14659746680696228), (0.29320342266293475, 0.15105260966726877), (0.3030621800874871, 0.20465220075235457), (0.30385755153884897, 0.2091762819936712), (0.30572410873497247, 0.22622991394791936), (0.30649382304267225, 0.23630353484494088), (0.30715449449009274, 0.24490359785192653)]
w236815956 [(0.34836628138194975, 0.09433355685050432), (0.35608908160260955, 0.09435940874300044)]
w236815957 [(0.34836628138194975, 0.09433355685050432), (0.3315800951879856, 0.09996065218430986)]
w236815959 [(0.35608908160260955, 0.09435940874300044), (0.36953983912972277, 0.09366140763703286), (0.37272132493494253, 0.0934976789831287)]
w243931702 [(0.8024848943567408, 0.403875504015619), (0.8003617657246793, 0.39437062476024753)]
w243931703 [(0.802112865774665, 0.43925812797004804), (0.8003681800105379, 0.43631962948767916), (0.7984887942425833, 0.4336999710166404)]
w243931704 [(0.7984887942425833, 0.4336999710166404), (0.796564508473277, 0.4308304109146694), (0.794704365563012, 0.4274955167428697)]
w243931705 [(0.7916704083334508, 0.4210239262439857), (0.7900989082885306, 0.41708582123972476), (0.7889507511128964, 0.4132597411043757), (0.7880270939436794, 0.40870980797056294), (0.7877576939359106, 0.4058230132737986), (0.7878731510820484, 0.402333007744573), (0.7884119510974724, 0.3985844832879369), (0.7894895511283205, 0.3942499825942451)]
w249468114 [(0.6913060768945078, 0.28280247270618525), (0.6929417197983556, 0.28916203833615733)]
w278328410 [(0.684975176713589, 0.22795337346827516), (0.7131146489461531, 0.22083548564902816)]
w287483278 [(0.7736462649613768, 0.3708454023065031), (0.7727482649357081, 0.3673036929922852), (0.7666867647624442, 0.34505383058324895), (0.7666931790484168, 0.34310632132568164), (0.7669625790560718, 0.3413139234243157), (0.7677900219368405, 0.340081649866897), (0.7862952367512697, 0.3350491480672376), (0.8105540660158143, 0.3287154343297617), (0.8130299803722617, 0.32833627323573655), (0.8155507947300611, 0.3285172364850463), (0.8178214519377811, 0.32924108948351), (0.8194314376980807, 0.33029239979100666)]
w287483284 [(0.7771548793473206, 0.3750937300243914), (0.7735051506715767, 0.3764121765576136), (0.7701312362894606, 0.3779977593165613), (0.7651729932907069, 0.38063465238239347)]
w287484715 [(0.7197534348501063, 0.38036751615666786), (0.6945645341303723, 0.29475466447976395), (0.6929417197983556, 0.28916203833615733)]
w290492196 [(0.8397518954215368, 0.24623066168285151), (0.8201883234339494, 0.2527453386696372)]
w366693993 [(0.2963977370399856, 0.2648095553127401), (0.3019204371977115, 0.26557649479910556), (0.30694282305550663, 0.26617108833386405)]
w366694004 [(0.20015137714719655, 0.3814446783572729), (0.20097240574210667, 0.3818238394519104)]
w366694371 [(0.4507446985926748, 0.41419040924525763), (0.4519120986261125, 0.4132597411043757), (0.45307949865943625, 0.4124238632370001), (0.4541635129761428, 0.41180341780913315), (0.45516414157611834, 0.41126052806059155)]
w428514822 [(0.39466459699041534, 0.10748355299130274), (0.3953765827250462, 0.10970681577229843), (0.3959217970263288, 0.11151644826907), (0.39617836846226673, 0.11361906888406328), (0.3963002398942631, 0.11612670248619014), (0.3963579684673321, 0.11704013603166645), (0.3974099113546319, 0.12906988348457035)]
w432946455 [(0.910424497440685, 0.337548164372274), (0.9063001116085585, 0.34505383058324895), (0.9025285115008183, 0.3580228634747376)]
w566593857 [(0.2203435491526837, 0.19477677770066076), (0.22072199202061807, 0.20505721373948815)]
w566593860 [(0.22394196354121715, 0.16046269864913393), (0.22316583494765885, 0.17569808080951999)]
w566593863 [(0.22401252068611718, 0.15912701752050612), (0.22394196354121715, 0.16046269864913393)]
w603411449 [(0.9174673833562347, 0.06849889863934842), (0.933939269541078, 0.06543975799036482)]
w717953687 [(0.22072199202061807, 0.20505721373948815), (0.22037562058220442, 0.2103913209556843), (0.21945196341287357, 0.21451900650695785), (0.21865017767576703, 0.2189310628793626)]
w770607449 [(0.7095675488448301, 0.20888329387483723), (0.7083552488101544, 0.20444538560993636), (0.6967261484779269, 0.16191040464606135), (0.6965273056150579, 0.16117793434989483), (0.6959820913137753, 0.15917872130611066)]
w833215361 [(0.35719875306286436, 0.4307700898319743), (0.35544123872690625, 0.4461778179439674), (0.34821875280629117, 0.4781738439409922)]
w985174688 [(0.4475952842169757, 0.1647196436641127), (0.4477299842209172, 0.16199657762186484), (0.44980179856576824, 0.12084898157222218), (0.44996215571325787, 0.11768643335202948)]
w1137951738 [(0.8235045092429967, 0.3425289623863288), (0.8233313235237898, 0.34472637327482836), (0.8223948377827418, 0.34789753879211155), (0.8208938948827216, 0.3511893464760095), (0.8179048376543981, 0.3563769596324825), (0.8142679375504855, 0.3612371154805349), (0.8089697373991768, 0.36651090161281136)]
w1138288426 [(0.7138587061103048, 0.3948187242358952), (0.7158535490243971, 0.39376741392839854), (0.7178548062244621, 0.3922938560383627), (0.7187977062513687, 0.3910271132907451), (0.7191120062603755, 0.39039805056578764), (0.7198304062808649, 0.38898481375905913), (0.7202280920064889, 0.3882006396772881), (0.720638606303944, 0.3866839952993505), (0.7207348205923922, 0.3851759682191157), (0.7206770920193233, 0.38419359629201694), (0.7202473348641785, 0.38237534649815486), (0.7200228348577613, 0.38145329565497577), (0.7197534348501063, 0.38036751615666786)]
w1138486428 [(0.4287116265346123, 0.38911407322337666), (0.433015612371918, 0.3908720019339314), (0.4371015124886651, 0.3928970668702117), (0.4425921412168702, 0.395861417245689), (0.4462675270362762, 0.39785201299177037), (0.4492822414080338, 0.3994806822386199)]
w1167513048 [(0.6237123321060448, 0.3408313547584691), (0.6234172749548416, 0.3428650369924522), (0.6232184320919726, 0.3442696565014779), (0.6217239034778109, 0.35460179632652217)]
w1232443540 [(0.8194314376980807, 0.33029239979100666), (0.8235045092429967, 0.3425289623863288)]
w1236333976 [(0.8158137804518576, 0.24643747682526973), (0.8145245089864234, 0.24230117397629336), (0.8135431232441375, 0.23913862575610065), (0.8127477517927757, 0.23666546134417274)]
w1297716852 [(0.7006965914485361, 0.2870766523165697), (0.6929417197983556, 0.28916203833615733)]
w1303719145 [(0.8089697373991768, 0.36651090161281136), (0.8029980372285027, 0.36863937412030073), (0.7888288796807861, 0.3720949104587151)]
w1393133775 [(0.6106913317340762, 0.32826733485472637), (0.6217303177637834, 0.3388752282025867), (0.6237123321060448, 0.3408313547584691), (0.6416530897615016, 0.3584968148428814)]
w1393133776 [(0.6312491180356667, 0.3099986639384651), (0.625482675013834, 0.31146360453079813)]
